2.557706792372807
1.9468186470004458
1.8438643388098825
1.9385687049438967
2.203041356603325
2.117413849370013
2.3487722854694635
2.230173320193259
2.3273252934629918
2.4683540447319143
2.478298651204153
2.570772152888033
2.6206088436116803
2.8804751484972244
2.731464134727286
2.979002880891529
2.9418999364622165
3.191352109825176
3.0981377657846996
3.0859362562133748
3.1518561267655816
2.244975139109086
1.5754228894735904
1.6801870866999928
1.665585949979848
1.6163141323996835
1.8316071442164223
1.8743986967193833
1.9845442039533452
2.0267125729629805
2.1883883521008425
2.174162589612582
2.265029610973045
2.329524951355944
2.441061157299914
2.4497381710000066
2.6863708598800775
2.710396101298507
2.7591726817726947
2.8381138138311552
2.879336673581871
2.9234351430698378
